LHC18b8_cent_woSDD/10/282120/0005/AnalysisResults.root 0.16327205347687576 70 38
LHC18b8_cent_woSDD/11/282366/0004/AnalysisResults.root 0.11295125171503616 69 42
LHC18b8_cent_woSDD/17/282051/0001/AnalysisResults.root 0.10343406052123469 69 32
LHC18b8_cent_woSDD/17/282312/0003/AnalysisResults.root 0.11947783923546197 62 45
LHC18b8_cent_woSDD/19/282224/0003/AnalysisResults.root 0.10287669721186972 65 37
LHC18b8_cent_woSDD/5/282125/0003/AnalysisResults.root 0.19938131689468333 67 30
LHC18b8_cent_woSDD/8/282341/0007/AnalysisResults.root 0.3201376005243187 66 33
LHC18b8_fast/11/282122/0011/AnalysisResults.root 0.10542238671395485 66 41
LHC18b8_fast/11/282305/0002/AnalysisResults.root 0.1731520966755948 72 45
LHC18b8_fast/11/282313/0006/AnalysisResults.root 0.19767380324609543 63 35
LHC18b8_fast/12/282206/0002/AnalysisResults.root 0.11811049694183681 74 36
LHC18b8_fast/1/282305/0004/AnalysisResults.root 0.11059378641208581 67 36
LHC18b8_fast/13/282147/0002/AnalysisResults.root 0.10916331496700363 75 37
LHC18b8_fast/15/282366/0002/AnalysisResults.root 0.1238828439994128 66 38
LHC18b8_fast/18/282365/0001/AnalysisResults.root 0.11144860989788584 69 44
LHC18b8_fast/19/282229/0003/AnalysisResults.root 0.11344954996636895 63 39
LHC18b8_fast/19/282366/0004/AnalysisResults.root 0.18589968511880672 62 39
LHC18b8_fast/3/282122/0007/AnalysisResults.root 0.12258645874907721 75 41
LHC18b8_fast/6/282125/0003/AnalysisResults.root 0.11161959403115823 78 31
LHC18b8_fast/9/282227/0003/AnalysisResults.root 0.11489436180390139 61 30